+--------------------------------------------------------------------------------------------------------------------------------------------------------------------------------------------------------------------------------------------------------+
; Legal Partition Candidates                                                                                                                                                                                                                             ;
+---------------------------------------------------+-------+----------------+--------------+----------------+--------+-----------------+---------------+-----------------+-------+----------------+--------------+------------------+-------------------+
; Hierarchy                                         ; Input ; Constant Input ; Unused Input ; Floating Input ; Output ; Constant Output ; Unused Output ; Floating Output ; Bidir ; Constant Bidir ; Unused Bidir ; Input only Bidir ; Output only Bidir ;
+---------------------------------------------------+-------+----------------+--------------+----------------+--------+-----------------+---------------+-----------------+-------+----------------+--------------+------------------+-------------------+
; lcd_1602_inst|i2c_inst                            ; 11    ; 8              ; 0            ; 8              ; 41     ; 8               ; 8             ; 8               ; 1     ; 0              ; 0            ; 0                ; 0                 ;
; lcd_1602_inst                                     ; 513   ; 0              ; 256          ; 0              ; 1      ; 0               ; 0             ; 0               ; 1     ; 0              ; 0            ; 0                ; 0                 ;
; at24c04_inst|i2c_inst                             ; 11    ; 0              ; 0            ; 0              ; 41     ; 0               ; 0             ; 0               ; 1     ; 0              ; 0            ; 0                ; 0                 ;
; at24c04_inst                                      ; 1     ; 128            ; 0            ; 128            ; 257    ; 128             ; 128           ; 128             ; 1     ; 0              ; 0            ; 0                ; 0                 ;
; ds1307_inst|i2c_inst                              ; 11    ; 0              ; 0            ; 0              ; 41     ; 0               ; 0             ; 0               ; 1     ; 0              ; 0            ; 0                ; 0                 ;
; ds1307_inst                                       ; 1     ; 128            ; 0            ; 128            ; 257    ; 128             ; 128           ; 128             ; 1     ; 0              ; 0            ; 0                ; 0                 ;
; counter_inst|LPM_COUNTER_component|auto_generated ; 1     ; 0              ; 0            ; 0              ; 4      ; 0               ; 0             ; 0               ; 0     ; 0              ; 0            ; 0                ; 0                 ;
; counter_inst                                      ; 1     ; 0              ; 0            ; 0              ; 4      ; 0               ; 0             ; 0               ; 0     ; 0              ; 0            ; 0                ; 0                 ;
; pll_inst|altpll_component|auto_generated          ; 2     ; 0              ; 0            ; 0              ; 5      ; 0               ; 0             ; 0               ; 0     ; 0              ; 0            ; 0                ; 0                 ;
; pll_inst                                          ; 1     ; 0              ; 0            ; 0              ; 1      ; 0               ; 0             ; 0               ; 0     ; 0              ; 0            ; 0                ; 0                 ;
+---------------------------------------------------+-------+----------------+--------------+----------------+--------+-----------------+---------------+-----------------+-------+----------------+--------------+------------------+-------------------+
